394
261
406
303
325
56
66
394
90
105
398
195
476
335
488
89
333
437
338
488
60
232
446
393
290
78
420
442
261
29
444
155
290
351
310
115
259
229
361
349
334
112
44
162
447
385
251
280
322
442
120
235
26
66
480
169
144
252
463
257
281
407
265
423
110
75
390
370
156
103
219
491
215
116
5
14
1
109
146
175
51
266
262
429
185
242
98
329
346
61
87
479
321
204
402
431
131
144
153
288
248
225
279
315
341
136
182
194
245
180
221
296
447
336
78
484
78
28
313
277
442
252
256
263
456
11
46
88
155
200
376
255
425
7
423
118
143
105
164
389
285
385
37
84
221
115
68
152
144
234
281
86
486
37
349
443
48
247
383
56
447
259
163
372
266
86
342
261
43
6
150
181
244
188
117
317
303
38
469
299
272
250
385
110
140
86
405
40
334
288
96
133
399
260
358
17
198
200
279
242
207
281
275
303
469
392
120
125
430
442
276
54
44
14
17
184
452
422
225
286
63
173
272
462
285
130
332
484
330
111
78
389
244
353
192
214
97
313
191
28
107
467
434
151
333
451
336
286
226
413
424
289
86
196
103
372
326
435
356
9
398
286
398
143
139
443
209
236
108
252
116
215
71
403
366
405
354
54
43
432
467
467
73
54
164
177
278
490
464
134
351
215
420
102
210
411
45
271
147
5
375
116
220
446
19
438
203
225
493
246
158
312
214
83
366
230
112
144
72
77
130
424
144
402
26
354
165
423
477
165
428
352
281
0
150
152
438
206
377
283
452
387
96
18
471
314
248
435
311
321
12
441
97
8
196
123
214
213
398
191
378
326
395
159
326
46
163
264
252
41
400
56
280
496
75
103
310
175
39
121
348
403
415
297
412
111
272
126
324
170
170
55
496
65
66
174
463
230
291
215
123
191
124
403
187
51
359
497
226
250
471
427
153
386
224
417
349
497
396
25
167
66
80
16
483
147
42
447
229
333
14
352
24
138
107
63
189
318
413
268
68
384
47
222
270
123
139
119
120
387
496
140
453
77
8
289
76
50
236
305
384
250
9
260
241
468
324
282
287
237
50
355
121
449
429
243
73
421
214
193
308
210
185
114
139
193
403
215
96
139
372
480
241
381
240
334
202
416
117
489